3 4 132 80 
3 80 132 544 
3 373 80 544 
3 387 299 241 
3 859 1475 1474 
3 371 299 401 
3 401 326 333 
3 347 673 402 
3 1187 1354 386 
3 1221 457 69 
3 186 224 114 
3 1250 1256 116 
3 164 333 376 
3 19 488 1245 
3 749 19 1245 
3 667 19 749 
3 1040 412 543 
3 1359 1358 1500 
3 216 4 80 
3 152 544 146 
3 4 387 505 
3 543 1235 1205 
3 610 604 297 
3 250 801 1274 
3 504 148 111 
3 387 348 299 
3 401 333 164 
3 1484 1483 1110 
3 91 196 310 
3 90 91 310 
3 952 406 609 
3 1244 1247 1240 
3 93 327 65 
3 373 544 152 
3 373 152 644 
3 1321 158 22 
3 401 416 326 
3 644 152 1263 
3 276 59 181 
3 294 853 150 
3 308 249 529 
3 406 1124 604 
3 609 406 463 
3 146 3 145 
3 90 310 3 
3 58 186 10 
3 575 261 384 
3 25 40 43 
3 379 535 713 
3 348 704 157 
3 388 443 22 
3 396 146 145 
3 152 133 1263 
3 1830 1829 1812 
3 214 114 224 
3 157 147 324 
3 1335 430 1274 
3 282 230 214 
3 92 346 652 
3 1151 1012 1491 
3 571 1151 1491 
3 571 1491 183 
3 310 196 111 
3 91 4 505 
3 1250 116 108 
3 110 183 47 
3 1209 854 953 
3 132 4 91 
3 111 148 327 
3 93 111 327 
3 110 571 183 
3 713 171 402 
3 294 920 200 
3 81 180 52 
3 525 731 784 
3 347 256 673 
3 175 57 220 
3 338 175 220 
3 27 14 220 
3 57 27 220 
3 359 446 27 
3 359 36 446 
3 145 28 262 
3 133 16 419 
3 1447 576 1465 
3 1885 287 444 
3 133 396 16 
3 598 543 1205 
3 447 93 65 
3 73 213 36 
3 1236 1255 1250 
3 1235 1236 1250 
3 115 782 731 
3 28 93 447 
3 525 548 115 
3 299 416 401 
3 667 603 463 
3 292 667 463 
3 492 70 637 
3 133 146 396 
3 1166 1125 619 
3 1151 1219 959 
3 821 304 409 
3 1486 1487 1684 
3 15 175 167 
3 120 15 167 
3 15 131 57 
3 175 15 57 
3 57 131 27 
3 257 209 359 
3 27 257 359 
3 209 55 36 
3 359 209 36 
3 55 87 73 
3 36 55 73 
3 101 108 735 
3 108 101 64 
3 310 365 3 
3 576 859 1465 
3 262 28 447 
3 102 64 101 
3 544 91 90 
3 262 447 485 
3 485 447 211 
3 1443 1440 1442 
3 697 457 1221 
3 1008 383 1011 
3 451 435 1330 
3 129 405 426 
3 70 75 161 
3 648 693 692 
3 204 129 426 
3 812 481 123 
3 406 292 463 
3 878 1591 1009 
3 478 128 50 
3 900 979 977 
3 490 900 977 
3 241 299 371 
3 1164 701 734 
3 683 703 682 
3 719 718 682 
3 703 719 682 
3 760 759 718 
3 719 760 718 
3 137 729 728 
3 54 130 2 
3 302 358 301 
3 566 567 614 
3 1069 1103 1068 
3 1186 1190 1208 
3 4 348 387 
3 277 311 228 
3 707 226 706 
3 355 394 393 
3 773 129 755 
3 646 647 679 
3 356 355 269 
3 270 356 269 
3 424 394 356 
3 623 654 602 
3 654 683 602 
3 193 217 192 
3 1677 1676 1662 
3 1018 1019 1025 
3 597 1231 1165 
3 490 26 605 
3 299 157 416 
3 504 241 148 
3 84 528 714 
3 1247 669 1240 
3 683 719 703 
3 1886 1231 1066 
3 79 168 218 
3 211 318 426 
3 165 377 148 
3 91 505 387 
3 577 623 622 
3 692 693 707 
3 255 254 218 
3 194 270 255 
3 695 137 728 
3 1475 1498 1474 
3 67 808 1010 
3 1190 240 1208 
3 242 259 300 
3 476 509 567 
3 743 755 558 
3 1025 1024 1018 
3 194 255 218 
3 270 269 254 
3 203 271 12 
3 603 667 749 
3 1379 1395 1392 
3 783 546 1340 
3 578 600 577 
3 624 623 577 
3 600 624 577 
3 655 654 623 
3 684 683 654 
3 655 684 654 
3 720 719 683 
3 684 720 683 
3 720 739 719 
3 761 760 719 
3 739 761 719 
3 218 254 253 
3 694 695 437 
3 255 270 254 
3 1202 488 19 
3 412 1222 543 
3 60 528 84 
3 1352 494 702 
3 624 655 623 
3 1361 221 143 
3 755 129 204 
3 132 91 544 
3 543 1221 1235 
3 216 5 4 
3 1221 1236 1235 
3 754 755 204 
3 1169 732 715 
3 756 755 743 
3 1036 1035 1024 
3 728 756 743 
3 476 567 508 
3 4 5 348 
3 244 1339 546 
3 405 445 211 
3 254 269 268 
3 253 254 268 
3 381 358 302 
3 346 92 59 
3 517 450 1560 
3 1618 1333 141 
3 1498 1497 1474 
3 1231 597 1165 
3 228 264 215 
3 100 151 99 
3 151 215 99 
3 151 228 215 
3 1864 827 1870 
3 561 578 480 
3 207 561 480 
3 579 600 578 
3 561 579 578 
3 600 625 624 
3 656 655 624 
3 625 656 624 
3 685 684 655 
3 656 685 655 
3 685 721 720 
3 684 685 720 
3 721 740 739 
3 720 721 739 
3 739 740 761 
3 762 789 788 
3 761 762 788 
3 789 239 770 
3 788 789 770 
3 328 770 239 
3 423 424 476 
3 121 195 522 
3 423 476 422 
3 381 431 358 
3 148 371 401 
3 579 625 600 
3 465 464 431 
3 381 465 431 
3 464 465 227 
3 248 11 71 
3 548 142 1005 
3 740 762 761 
3 767 900 490 
3 728 743 437 
3 776 195 121 
3 1177 1176 1153 
3 1043 1034 1035 
3 137 708 729 
3 91 387 196 
3 1721 1729 1703 
3 728 729 756 
3 727 728 437 
3 196 387 241 
3 404 458 522 
3 355 354 268 
3 647 648 692 
3 979 846 901 
3 241 371 148 
3 142 1155 574 
3 269 355 268 
3 358 301 300 
3 301 358 300 
3 753 754 793 
3 184 229 228 
3 229 277 228 
3 312 311 277 
3 1845 1853 1831 
3 1523 1532 1153 
3 580 579 561 
3 1276 1280 1771 
3 580 626 625 
3 579 580 625 
3 626 657 656 
3 625 626 656 
3 656 657 685 
3 722 721 685 
3 741 740 721 
3 722 741 721 
3 740 763 762 
3 790 789 762 
3 763 790 762 
3 790 339 239 
3 789 790 239 
3 377 165 327 
3 476 508 422 
3 259 301 300 
3 162 170 169 
3 81 162 169 
3 580 561 562 
3 657 686 685 
3 229 312 277 
3 28 365 93 
3 1263 419 1254 
3 396 145 144 
3 685 686 722 
3 741 763 740 
3 133 152 146 
3 1263 133 419 
3 207 520 562 
3 520 562 580 
3 562 520 580 
3 562 626 580 
3 239 339 487 
3 597 1063 1066 
3 3 365 28 
3 649 648 615 
3 108 64 116 
3 571 1225 1218 
3 184 185 229 
3 313 312 229 
3 185 313 229 
3 439 501 520 
3 501 581 562 
3 520 501 562 
3 627 626 562 
3 581 627 562 
3 627 628 626 
3 658 657 626 
3 628 658 626 
3 658 675 657 
3 687 686 657 
3 675 687 657 
3 723 722 686 
3 687 723 686 
3 722 723 741 
3 741 723 763 
3 764 791 790 
3 763 764 790 
3 791 407 339 
3 790 791 339 
3 407 303 339 
3 303 487 339 
3 303 460 487 
3 303 325 460 
3 170 106 105 
3 105 106 68 
3 439 440 501 
3 723 764 763 
3 1 1027 453 
3 1067 511 942 
3 775 121 774 
3 1281 1270 1291 
3 368 440 439 
3 367 368 439 
3 582 581 501 
3 628 627 581 
3 658 688 687 
3 675 658 687 
3 1733 1562 1561 
3 757 775 756 
3 74 68 46 
3 398 1223 317 
3 631 607 231 
3 1465 859 1474 
3 1775 1784 1754 
3 204 138 793 
3 74 122 97 
3 584 533 570 
3 278 313 185 
3 265 278 185 
3 369 368 313 
3 278 369 313 
3 369 440 368 
3 502 501 440 
3 583 582 501 
3 502 583 501 
3 583 581 582 
3 629 628 581 
3 583 629 581 
3 629 659 658 
3 628 629 658 
3 658 659 688 
3 724 723 687 
3 688 724 687 
3 724 742 723 
3 742 765 764 
3 723 742 764 
3 764 238 791 
3 791 238 407 
3 407 238 303 
3 238 333 303 
3 333 325 303 
3 614 615 647 
3 46 122 74 
3 606 199 112 
3 441 440 369 
3 83 173 573 
3 775 776 121 
3 846 979 901 
3 441 502 440 
3 659 689 688 
3 84 714 1367 
3 535 52 171 
3 551 798 1883 
3 630 629 583 
3 629 630 659 
3 689 724 688 
3 792 238 764 
3 765 792 764 
3 1207 1208 177 
3 195 96 522 
3 122 13 97 
3 344 492 637 
3 1025 1036 1024 
3 775 774 756 
3 1012 1151 959 
3 1270 1372 1291 
3 145 3 28 
3 649 670 695 
3 517 1888 243 
3 444 399 1885 
3 370 369 278 
3 724 765 742 
3 376 333 238 
3 1372 1375 1291 
3 1060 1161 1162 
3 16 396 144 
3 369 442 441 
3 583 601 630 
3 690 689 659 
3 318 295 427 
3 138 204 427 
3 693 694 707 
3 310 111 365 
3 365 111 93 
3 636 660 659 
3 567 566 508 
3 426 405 211 
3 121 126 774 
3 471 601 583 
3 251 237 188 
3 1303 188 237 
3 278 314 370 
3 370 442 369 
3 442 503 502 
3 441 442 502 
3 503 471 583 
3 502 503 583 
3 858 302 259 
3 16 144 319 
3 660 690 659 
3 690 725 724 
3 689 690 724 
3 750 765 724 
3 725 750 724 
3 8 792 765 
3 750 8 765 
3 376 238 792 
3 8 376 792 
3 164 376 238 
3 376 164 238 
3 1381 1380 1375 
3 1135 1134 1103 
3 1104 1135 1103 
3 794 204 793 
3 447 65 211 
3 442 1347 503 
3 249 262 485 
3 1036 1043 1035 
3 522 96 438 
3 204 426 427 
3 188 283 251 
3 1235 1250 1205 
3 485 262 23 
3 597 1066 1165 
3 144 308 319 
3 1027 767 589 
3 648 649 694 
3 567 615 614 
3 821 409 304 
3 63 711 903 
3 8 164 376 
3 12 478 50 
3 171 347 402 
3 284 1327 314 
3 1447 1465 1459 
3 1456 1447 1459 
3 1329 1328 1380 
3 755 756 773 
3 756 774 773 
3 193 218 253 
3 648 694 693 
3 168 194 218 
3 190 188 189 
3 284 283 188 
3 190 284 188 
3 283 284 314 
3 262 485 23 
3 108 116 64 
3 751 750 725 
3 726 751 725 
3 751 771 750 
3 37 8 750 
3 771 37 750 
3 632 164 8 
3 569 53 411 
3 511 1560 1884 
3 386 1354 1320 
3 165 632 8 
3 37 165 8 
3 165 164 632 
3 662 661 638 
3 354 393 422 
3 401 165 148 
3 979 1883 798 
3 144 145 262 
3 413 408 349 
3 16 319 669 
3 318 211 295 
3 156 1213 198 
3 1153 1152 1119 
3 1225 1448 247 
3 190 266 284 
3 419 669 1247 
3 479 233 232 
3 166 165 37 
3 709 492 344 
3 567 568 615 
3 107 827 1864 
3 695 727 437 
3 485 211 23 
3 1254 419 1247 
3 419 16 669 
3 1884 1591 1009 
3 249 485 24 
3 41 249 24 
3 1103 1134 1133 
3 272 398 492 
3 754 204 794 
3 1498 159 113 
3 24 485 23 
3 1102 1103 1133 
3 308 144 249 
3 164 165 401 
3 692 707 706 
3 509 568 567 
3 191 252 190 
3 190 252 266 
3 252 285 284 
3 266 252 284 
3 285 286 284 
3 284 286 337 
3 144 262 249 
3 536 564 563 
3 563 564 593 
3 564 612 611 
3 593 564 611 
3 645 361 611 
3 612 645 611 
3 645 691 1313 
3 309 752 751 
3 726 309 751 
3 752 772 771 
3 751 752 771 
3 119 37 771 
3 772 119 771 
3 425 166 37 
3 119 425 37 
3 380 165 166 
3 425 380 166 
3 128 83 17 
3 50 128 17 
3 729 757 756 
3 394 423 422 
3 589 767 490 
3 424 509 476 
3 1374 1359 1531 
3 408 372 349 
3 679 692 706 
3 855 242 300 
3 766 757 730 
3 354 355 393 
3 79 218 193 
3 129 126 405 
3 126 458 405 
3 647 692 679 
3 757 766 775 
3 766 776 775 
3 1699 1014 1013 
3 393 394 422 
3 252 286 285 
3 752 119 772 
3 425 327 380 
3 696 730 729 
3 708 696 729 
3 649 695 694 
3 78 79 193 
3 1497 1498 113 
3 901 979 798 
3 404 24 445 
3 24 23 445 
3 776 795 195 
3 1340 1591 1884 
3 1035 1034 1024 
3 177 203 12 
3 380 327 425 
3 510 509 424 
3 477 510 424 
3 458 404 405 
3 192 217 252 
3 191 192 252 
3 217 267 286 
3 252 217 286 
3 286 267 352 
3 353 421 420 
3 352 353 420 
3 421 507 506 
3 506 507 536 
3 507 565 564 
3 536 507 564 
3 565 613 612 
3 564 565 612 
3 646 645 612 
3 613 646 612 
3 646 679 691 
3 645 646 691 
3 706 705 691 
3 679 706 691 
3 753 309 280 
3 138 119 752 
3 753 138 752 
3 427 425 119 
3 138 427 119 
3 295 380 425 
3 427 295 425 
3 65 327 380 
3 295 65 380 
3 769 104 315 
3 426 318 427 
3 568 616 615 
3 695 728 727 
3 404 445 405 
3 1635 1653 1453 
3 271 478 12 
3 839 136 830 
3 615 648 647 
3 311 277 228 
3 749 1245 1225 
3 353 392 421 
3 793 138 753 
3 315 104 33 
3 432 466 465 
3 381 432 465 
3 465 466 527 
3 1170 1190 1099 
3 754 794 793 
3 558 754 280 
3 193 253 217 
3 253 268 267 
3 217 253 267 
3 268 354 353 
3 267 268 353 
3 354 392 353 
3 422 421 392 
3 354 422 392 
3 422 508 507 
3 421 422 507 
3 508 566 565 
3 507 508 565 
3 614 613 565 
3 566 614 565 
3 614 647 646 
3 613 614 646 
3 168 810 194 
3 886 940 923 
3 946 945 930 
3 929 939 944 
3 940 569 887 
3 661 649 616 
3 320 919 878 
3 227 526 464 
3 882 873 866 
3 552 384 820 
3 464 927 358 
3 917 432 905 
3 879 829 820 
3 194 836 880 
3 935 466 432 
3 917 935 432 
3 1038 1725 1013 
3 1378 1391 1406 
3 173 448 293 
3 477 943 510 
3 616 568 617 
3 1405 550 980 
3 665 86 847 
3 891 906 912 
3 845 130 54 
3 999 925 822 
3 1885 928 555 
3 904 910 270 
3 315 33 478 
3 1033 1034 1042 
3 490 921 26 
3 850 257 131 
3 1070 1077 1034 
3 843 860 15 
3 120 843 15 
3 850 209 257 
3 914 913 300 
3 880 911 910 
3 641 661 616 
3 843 120 797 
3 860 870 15 
3 870 131 15 
3 870 850 131 
3 894 873 882 
3 811 248 875 
3 974 981 992 
3 850 201 131 
3 131 201 850 
3 850 201 209 
3 907 917 905 
3 694 437 226 
3 895 843 797 
3 870 860 843 
3 816 870 843 
3 870 201 850 
3 913 933 932 
3 968 969 986 
3 840 118 712 
3 816 843 895 
3 201 856 209 
3 856 845 55 
3 209 856 55 
3 931 930 911 
3 228 151 184 
3 1340 884 1884 
3 553 506 536 
3 539 867 842 
3 870 924 201 
3 977 823 490 
3 868 829 780 
3 999 1000 925 
3 198 701 156 
3 787 816 895 
3 924 877 856 
3 201 924 856 
3 877 845 856 
3 66 305 941 
3 769 203 1208 
3 848 847 919 
3 880 889 911 
3 1027 589 605 
3 957 816 787 
3 849 870 816 
3 957 849 816 
3 414 821 409 
3 1887 1004 928 
3 569 888 887 
3 459 384 552 
3 891 889 890 
3 839 892 891 
3 1080 1057 1051 
3 957 328 816 
3 328 957 816 
3 849 881 870 
3 881 849 870 
3 870 849 924 
3 481 531 123 
3 777 835 698 
3 891 892 906 
3 912 911 889 
3 891 912 889 
3 546 1339 746 
3 328 849 957 
3 849 88 924 
3 1043 1070 1034 
3 777 122 46 
3 477 929 943 
3 617 641 616 
3 822 915 72 
3 915 331 72 
3 834 806 956 
3 788 957 787 
3 770 788 787 
3 788 328 957 
3 864 877 924 
3 833 938 130 
3 845 833 130 
3 938 256 130 
3 1005 142 574 
3 661 676 137 
3 730 305 776 
3 1186 1208 1207 
3 1189 1186 1207 
3 798 1888 1067 
3 864 924 88 
3 864 922 877 
3 982 845 877 
3 922 982 877 
3 982 833 845 
3 894 905 873 
3 879 665 86 
3 879 665 847 
3 817 922 864 
3 833 982 922 
3 817 833 922 
3 894 907 905 
3 1562 1561 1038 
3 305 893 776 
3 899 864 88 
3 1071 1049 1072 
3 788 770 328 
3 776 768 795 
3 835 919 847 
3 817 864 899 
3 833 256 938 
3 1177 1195 1176 
3 1276 1771 1275 
3 155 100 813 
3 832 96 449 
3 879 384 665 
3 879 86 665 
3 834 956 320 
3 863 898 328 
3 826 849 328 
3 898 826 328 
3 849 826 88 
3 826 899 88 
3 1346 1883 900 
3 930 945 944 
3 939 930 944 
3 810 818 836 
3 838 836 837 
3 1077 1069 1034 
3 891 890 838 
3 1473 1680 1679 
3 44 24 438 
3 899 200 817 
3 1374 1391 1378 
3 466 935 527 
3 66 941 730 
3 913 906 912 
3 956 919 320 
3 662 676 661 
3 239 395 863 
3 395 898 863 
3 819 826 898 
3 826 200 899 
3 35 86 82 
3 880 270 194 
3 935 950 527 
3 670 661 695 
3 134 256 94 
3 818 837 836 
3 848 879 847 
3 395 819 898 
3 826 819 200 
3 200 920 817 
3 920 876 833 
3 817 920 833 
3 833 876 256 
3 1034 1069 1068 
3 932 933 947 
3 997 676 662 
3 836 889 880 
3 757 729 730 
3 956 806 919 
3 603 749 1460 
3 876 48 256 
3 827 107 155 
3 107 184 155 
3 830 855 841 
3 1042 1034 1068 
3 832 449 795 
3 997 662 638 
3 384 261 665 
3 997 696 676 
3 294 48 876 
3 920 294 876 
3 925 915 822 
3 1199 1231 1886 
3 941 305 730 
3 200 418 294 
3 569 940 886 
3 100 155 184 
3 840 712 331 
3 921 379 26 
3 1016 1014 1699 
3 776 766 730 
3 983 997 638 
3 676 696 137 
3 487 395 239 
3 487 819 395 
3 569 886 511 
3 940 887 923 
3 986 1000 985 
3 1125 110 47 
3 947 968 958 
3 842 874 834 
3 822 918 66 
3 985 999 998 
3 984 985 998 
3 999 822 998 
3 983 984 997 
3 984 998 997 
3 819 418 200 
3 177 85 1206 
3 12 275 397 
3 1231 1165 1066 
3 240 769 1208 
3 1000 999 985 
3 943 965 568 
3 906 913 932 
3 300 913 892 
3 997 998 66 
3 998 822 66 
3 478 33 128 
3 570 701 1076 
3 305 72 768 
3 72 811 768 
3 878 884 411 
3 878 835 884 
3 930 939 929 
3 968 978 967 
3 958 968 967 
3 946 958 967 
3 819 853 418 
3 510 943 509 
3 509 943 568 
3 151 100 184 
3 978 984 983 
3 967 978 983 
3 474 1122 799 
3 932 931 912 
3 487 460 819 
3 460 29 819 
3 819 29 853 
3 340 867 383 
3 1134 1135 1161 
3 947 946 931 
3 1411 1501 1408 
3 300 892 855 
3 356 910 929 
3 136 838 837 
3 1259 351 523 
3 887 896 923 
3 260 86 665 
3 774 129 773 
3 872 873 871 
3 906 932 912 
3 661 137 695 
3 511 886 942 
3 985 984 978 
3 968 985 978 
3 818 136 837 
3 1559 851 857 
3 872 871 865 
3 1222 1221 543 
3 548 1005 115 
3 430 1198 1065 
3 768 811 832 
3 945 967 944 
3 1132 1134 1160 
3 1019 1036 1025 
3 1134 1161 1160 
3 615 616 649 
3 1560 884 1884 
3 884 835 888 
3 214 230 114 
3 811 332 832 
3 878 411 53 
3 848 842 879 
3 842 829 879 
3 48 673 256 
3 869 811 768 
3 912 931 911 
3 935 936 950 
3 871 302 381 
3 972 991 971 
3 708 137 696 
3 1225 571 110 
3 847 955 13 
3 803 190 189 
3 865 871 858 
3 986 985 968 
3 929 944 943 
3 227 972 526 
3 888 835 896 
3 1001 1002 840 
3 1830 1841 1829 
3 50 140 275 
3 394 424 423 
3 411 884 888 
3 936 935 917 
3 907 936 917 
3 835 847 698 
3 811 6 332 
3 842 867 829 
3 1161 1060 1226 
3 1885 399 1887 
3 808 834 995 
3 1659 1658 1638 
3 65 295 211 
3 918 822 305 
3 302 871 381 
3 847 86 955 
3 1001 840 925 
3 1010 937 834 
3 1208 203 177 
3 1135 1162 1161 
3 921 81 379 
3 271 315 478 
3 948 969 947 
3 464 526 927 
3 834 848 806 
3 409 296 414 
3 302 873 432 
3 885 896 777 
3 841 892 839 
3 811 875 6 
3 1077 1104 1069 
3 1104 1103 1069 
3 68 106 46 
3 823 921 490 
3 162 81 921 
3 823 162 921 
3 989 1001 1000 
3 986 989 1000 
3 1000 1001 925 
3 888 896 887 
3 929 477 356 
3 974 972 534 
3 87 2 213 
3 915 840 331 
3 970 969 948 
3 965 641 568 
3 1207 177 1206 
3 1726 1725 1038 
3 1002 51 840 
3 814 191 803 
3 191 190 803 
3 855 892 841 
3 302 432 381 
3 173 293 573 
3 880 904 270 
3 871 873 302 
3 358 914 300 
3 239 863 328 
3 910 911 929 
3 331 712 811 
3 438 24 404 
3 892 913 906 
3 991 1002 990 
3 128 33 83 
3 810 836 194 
3 788 770 787 
3 814 803 804 
3 774 126 129 
3 242 855 830 
3 981 1189 1206 
3 927 934 914 
3 847 13 777 
3 301 358 300 
3 822 72 305 
3 641 617 568 
3 839 838 136 
3 904 880 910 
3 1850 1864 1870 
3 118 248 811 
3 949 970 948 
3 970 989 986 
3 1328 1325 1316 
3 358 927 914 
3 867 340 829 
3 943 944 966 
3 1100 221 1361 
3 530 805 525 
3 327 148 377 
3 1259 179 351 
3 1029 1028 1014 
3 969 968 947 
3 970 986 969 
3 832 795 768 
3 888 569 411 
3 342 344 113 
3 458 126 121 
3 943 966 965 
3 979 901 823 
3 823 861 162 
3 701 198 1076 
3 966 638 641 
3 769 315 271 
3 760 761 787 
3 965 966 641 
3 927 949 934 
3 949 948 934 
3 558 755 754 
3 919 835 878 
3 270 910 356 
3 852 162 861 
3 106 170 162 
3 852 106 162 
3 947 958 946 
3 815 192 191 
3 814 815 191 
3 820 384 879 
3 305 768 893 
3 698 847 777 
3 829 340 780 
3 534 972 227 
3 121 522 458 
3 1071 1077 1070 
3 846 823 901 
3 846 861 823 
3 918 305 66 
3 893 768 776 
3 1190 1186 1099 
3 67 1010 937 
3 925 840 915 
3 862 861 846 
3 862 852 861 
3 835 777 896 
3 946 945 944 
3 862 106 852 
3 1885 1887 928 
3 464 358 431 
3 526 949 927 
3 946 944 945 
3 890 889 838 
3 66 696 997 
3 1019 1561 1026 
3 1375 1380 1291 
3 1071 1061 1077 
3 712 118 811 
3 806 848 919 
3 971 990 970 
3 661 670 649 
3 971 970 949 
3 749 1225 110 
3 122 777 13 
3 35 13 955 
3 734 701 1164 
3 795 449 195 
3 874 842 848 
3 990 1002 989 
3 977 979 823 
3 526 971 949 
3 78 193 192 
3 815 78 192 
3 990 989 970 
3 834 539 842 
3 839 891 838 
3 1146 767 1064 
3 1002 1001 989 
3 840 51 118 
3 886 862 846 
3 280 754 753 
3 811 869 768 
3 906 913 912 
3 967 966 944 
3 931 946 930 
3 829 552 820 
3 886 106 862 
3 885 46 106 
3 1061 1104 1077 
3 320 67 834 
3 905 432 873 
3 874 848 834 
3 911 930 929 
3 1026 1572 1019 
3 972 974 992 
3 934 933 913 
3 914 934 913 
3 923 106 886 
3 777 46 885 
3 355 356 394 
3 449 96 195 
3 66 730 696 
3 807 96 832 
3 72 331 811 
3 896 106 923 
3 896 885 106 
3 1071 1070 1043 
3 932 947 931 
3 1049 1071 1043 
3 450 39 785 
3 946 967 945 
3 836 838 889 
3 787 761 788 
3 967 983 638 
3 966 967 638 
3 991 990 971 
3 597 1165 1231 
3 937 539 834 
3 934 948 947 
3 933 934 947 
3 886 846 942 
3 972 971 526 
3 1737 1762 1746 
3 1841 1851 1829 
3 417 1219 1218 
3 1166 110 1125 
3 159 342 113 
3 1065 1032 1274 
3 430 1065 1274 
3 1307 1320 1395 
3 767 1027 1 
3 846 798 1067 
3 735 1256 469 
3 1829 1850 1834 
3 398 317 1039 
3 288 32 34 
3 1051 1057 1058 
3 515 1684 1674 
3 1080 1079 1057 
3 1051 1058 1029 
3 1039 288 34 
3 1561 1726 1038 
3 1379 1307 1395 
3 304 642 409 
3 1396 1380 1381 
3 1030 1051 1029 
3 1219 1218 959 
3 598 1205 642 
3 1604 1615 1613 
3 1209 953 1193 
3 389 1521 1121 
3 398 75 70 
3 1314 273 524 
3 1022 1030 1021 
3 1022 1021 1016 
3 1030 1029 1021 
3 598 642 304 
3 528 1185 714 
3 1194 1209 1193 
3 177 12 397 
3 878 67 320 
3 1057 1045 1028 
3 1096 1095 1079 
3 1296 264 1319 
3 101 491 1237 
3 834 808 67 
3 1312 1484 1110 
3 963 1312 1110 
3 113 344 637 
3 1497 113 1496 
3 1119 1127 1113 
3 1312 1483 1484 
3 1799 1816 1812 
3 1079 1095 1057 
3 854 357 1191 
3 399 444 1210 
3 539 1011 383 
3 246 250 664 
3 1028 1038 1020 
3 1058 1057 1029 
3 311 1329 1396 
3 1260 1483 1312 
3 1187 1328 428 
3 1851 1864 1850 
3 317 609 619 
3 609 463 619 
3 1223 952 317 
3 603 1166 619 
3 1003 976 1094 
3 1248 556 297 
3 287 1885 555 
3 1138 1172 1163 
3 297 556 610 
3 1591 878 1009 
3 463 603 619 
3 749 110 1166 
3 1157 680 1081 
3 1886 304 409 
3 436 1027 605 
3 1015 1029 1014 
3 556 20 610 
3 20 604 610 
3 1099 1186 1189 
3 20 599 604 
3 1209 854 953 
3 1360 1550 1685 
3 492 398 70 
3 1172 1193 1192 
3 1175 1172 1192 
3 733 292 406 
3 202 733 406 
3 1010 834 67 
3 468 113 637 
3 154 1157 1081 
3 1172 1175 1163 
3 1193 854 1192 
3 953 854 1193 
3 1055 174 493 
3 1502 650 1046 
3 236 60 84 
3 1195 1194 1176 
3 85 177 397 
3 1163 1175 1148 
3 585 433 357 
3 1050 1045 1028 
3 1138 1148 1112 
3 1603 1402 1589 
3 1174 1192 1191 
3 1170 1174 1190 
3 1416 1417 1617 
3 398 1039 34 
3 75 398 1007 
3 1095 1107 1078 
3 1133 1134 1132 
3 1528 1022 1551 
3 1066 598 304 
3 292 733 667 
3 63 903 18 
3 619 1125 288 
3 1357 1355 1356 
3 733 1363 667 
3 470 1 212 
3 1017 830 136 
3 1119 1113 1095 
3 1387 231 247 
3 1107 1112 1078 
3 113 468 1496 
3 1028 1045 1050 
3 1014 1028 1013 
3 808 1011 539 
3 830 841 839 
3 12 50 275 
3 1344 1530 1115 
3 1363 153 19 
3 667 1363 19 
3 1103 1102 1068 
3 952 609 317 
3 1175 1174 1148 
3 1031 236 681 
3 595 10 555 
3 1119 1114 1587 
3 1114 1119 1096 
3 709 272 492 
3 451 736 434 
3 1174 1175 1192 
3 1380 1328 1316 
3 928 595 555 
3 153 489 1202 
3 572 598 1066 
3 19 153 1202 
3 1737 1746 1721 
3 1418 1417 1395 
3 1148 1147 1126 
3 488 1387 1448 
3 1245 488 1448 
3 1040 543 598 
3 572 1040 598 
3 1021 1029 1015 
3 1654 1653 1635 
3 329 58 595 
3 489 125 488 
3 1163 1148 1138 
3 1534 1687 1439 
3 342 709 344 
3 1112 1148 1126 
3 1202 489 488 
3 125 231 1387 
3 488 125 1387 
3 398 272 1223 
3 383 867 539 
3 414 296 928 
3 1176 1194 1172 
3 1028 1020 1013 
3 173 176 448 
3 1591 878 1009 
3 444 287 263 
3 1083 444 263 
3 272 952 1223 
3 1192 854 1191 
3 854 585 357 
3 1119 1152 1139 
3 1547 461 513 
3 296 329 595 
3 296 595 928 
3 603 749 1166 
3 1319 1329 1381 
3 1138 1152 1172 
3 63 18 33 
3 433 63 104 
3 769 433 104 
3 1174 1171 1147 
3 1372 1381 1375 
3 1613 1424 1603 
3 1113 1138 1107 
3 571 1218 1219 
3 1528 1551 1548 
3 1007 398 34 
3 1738 1737 1717 
3 1396 1329 1380 
3 1063 572 1066 
3 1153 1176 1152 
3 1139 1113 1127 
3 1119 1139 1127 
3 1191 357 1190 
3 357 240 1190 
3 1148 1174 1147 
3 29 460 325 
3 317 619 1039 
3 1754 1762 1737 
3 1329 311 1396 
3 1309 1380 1316 
3 1225 247 1218 
3 1448 1387 247 
3 1028 1045 1038 
3 1635 1453 1452 
3 116 1256 735 
3 514 1032 962 
3 1095 1078 1086 
3 1079 1095 1086 
3 357 433 240 
3 1174 1170 1171 
3 1218 1219 959 
3 1067 942 846 
3 1057 1095 1079 
3 10 114 287 
3 150 853 620 
3 555 10 287 
3 1152 1138 1139 
3 1052 1085 1370 
3 1704 1721 1703 
3 89 51 1002 
3 512 89 1002 
3 1152 1176 1172 
3 981 1206 992 
3 991 512 1002 
3 402 673 48 
3 1016 1551 1022 
3 1151 571 1219 
3 433 769 240 
3 1291 1380 1309 
3 1571 785 884 
3 589 490 605 
3 584 572 1063 
3 1057 1079 1045 
3 1138 1112 1107 
3 1045 1086 1078 
3 1095 1113 1107 
3 76 512 991 
3 1549 1552 1548 
3 203 769 271 
3 992 76 991 
3 274 89 512 
3 76 274 512 
3 274 51 89 
3 139 118 51 
3 274 139 51 
3 11 248 118 
3 139 11 118 
3 1056 1042 1068 
3 737 103 17 
3 871 302 858 
3 273 489 153 
3 1826 1835 1820 
3 197 48 294 
3 975 197 294 
3 197 713 402 
3 48 197 402 
3 584 1076 1040 
3 1079 1086 1045 
3 1029 1057 1028 
3 1139 1138 1113 
3 572 584 1040 
3 198 412 1040 
3 1076 198 1040 
3 298 273 153 
3 1500 1531 1359 
3 1096 1119 1095 
3 1194 1193 1172 
3 1560 785 1571 
3 882 866 894 
3 49 139 274 
3 1189 1207 1206 
3 1102 1133 1132 
3 1717 1721 1704 
3 1674 1487 1653 
3 584 570 1076 
3 894 1102 907 
3 821 1167 1199 
3 17 103 140 
3 50 17 140 
3 1042 1056 866 
3 1056 1068 894 
3 866 1056 894 
3 894 1068 1102 
3 1102 1132 936 
3 907 1102 936 
3 1160 950 936 
3 1132 1160 936 
3 1174 1191 1190 
3 1206 85 76 
3 992 1206 76 
3 397 274 76 
3 85 397 76 
3 275 49 274 
3 397 275 274 
3 140 139 49 
3 275 140 49 
3 103 11 139 
3 140 103 139 
3 409 642 329 
3 296 409 329 
3 436 975 1241 
3 436 605 975 
3 605 26 975 
3 26 197 975 
3 26 379 713 
3 197 26 713 
3 1010 539 937 
3 59 454 346 
3 652 408 413 
3 21 61 149 
3 171 345 347 
3 94 2 130 
3 130 256 134 
3 1004 1393 715 
3 313 368 367 
3 544 90 146 
3 81 535 379 
3 1257 527 950 
3 1257 950 1160 
3 302 301 259 
3 1004 414 928 
3 1160 1238 1257 
3 102 214 186 
3 1238 1160 1161 
3 1226 1238 1161 
3 1257 227 527 
3 95 233 364 
3 620 853 29 
3 1257 534 227 
3 282 454 230 
3 1453 1653 1452 
3 232 233 95 
3 821 1199 1886 
3 1232 1238 1226 
3 1238 981 1257 
3 1257 981 534 
3 417 408 652 
3 1233 1238 1232 
3 1027 436 42 
3 196 504 111 
3 169 180 81 
3 61 21 479 
3 631 231 388 
3 372 631 388 
3 1300 1382 1270 
3 1558 1559 857 
3 714 298 800 
3 298 153 800 
3 981 974 534 
3 704 348 5 
3 706 226 234 
3 388 231 443 
3 311 1330 1329 
3 1282 1300 1270 
3 1189 981 1238 
3 1233 1189 1238 
3 334 94 256 
3 1462 1672 1473 
3 895 786 787 
3 595 58 10 
3 1242 1251 1256 
3 489 231 125 
3 1236 1256 1250 
3 0 717 40 
3 470 212 0 
3 717 279 40 
3 276 230 59 
3 454 282 1237 
3 521 219 213 
3 417 652 346 
3 1266 417 346 
3 364 521 213 
3 171 363 345 
3 279 704 40 
3 470 0 160 
3 94 95 2 
3 42 281 717 
3 97 375 540 
3 61 479 363 
3 1216 705 706 
3 349 372 233 
3 453 42 717 
3 1241 975 150 
3 150 975 294 
3 214 362 282 
3 959 417 1266 
3 959 1219 417 
3 281 42 279 
3 408 607 372 
3 372 607 631 
3 0 40 25 
3 1221 69 1242 
3 287 114 263 
3 279 147 157 
3 704 279 157 
3 134 94 130 
3 81 52 535 
3 1265 58 329 
3 1249 1265 329 
3 82 97 13 
3 364 643 158 
3 82 375 97 
3 156 542 1214 
3 479 232 345 
3 35 82 13 
3 147 620 29 
3 102 186 58 
3 64 102 58 
3 363 479 345 
3 21 413 479 
3 652 413 21 
3 372 388 233 
3 216 43 5 
3 61 171 52 
3 413 349 479 
3 186 114 10 
3 619 288 1039 
3 697 1221 412 
3 171 61 363 
3 212 717 0 
3 1236 1242 1256 
3 607 408 417 
3 92 21 149 
3 279 42 147 
3 1221 1222 412 
3 697 1217 457 
3 156 1214 1213 
3 453 717 1 
3 552 829 868 
3 114 276 263 
3 570 734 701 
3 324 29 325 
3 1 717 212 
3 214 102 101 
3 2 364 213 
3 95 364 2 
3 74 97 68 
3 108 58 1265 
3 196 241 504 
3 416 325 326 
3 1346 900 767 
3 642 1205 1249 
3 71 135 6 
3 665 261 260 
3 389 43 216 
3 108 64 58 
3 1255 1236 1250 
3 7 1261 71 
3 1261 135 71 
3 83 737 17 
3 165 380 327 
3 147 29 324 
3 279 717 281 
3 417 1218 607 
3 1218 247 607 
3 83 573 737 
3 737 1239 7 
3 1239 1261 7 
3 42 620 147 
3 1215 697 1214 
3 1221 1242 1236 
3 1261 172 135 
3 651 62 6 
3 117 332 6 
3 62 117 6 
3 416 324 325 
3 157 324 416 
3 40 5 43 
3 1227 1239 737 
3 573 1227 737 
3 1261 1262 172 
3 172 651 6 
3 135 172 6 
3 62 807 117 
3 0 25 160 
3 364 388 643 
3 345 95 94 
3 1214 909 1215 
3 336 149 180 
3 233 388 364 
3 807 832 117 
3 1243 1262 1261 
3 1239 1243 1261 
3 42 150 620 
3 1215 1217 697 
3 1214 412 198 
3 1213 1214 198 
3 293 1227 573 
3 172 62 651 
3 878 1591 67 
3 1214 697 412 
3 1228 1243 1239 
3 1227 1228 1239 
3 96 45 438 
3 40 704 5 
3 59 92 181 
3 172 9 62 
3 643 22 158 
3 388 22 643 
3 92 149 181 
3 345 94 334 
3 652 21 92 
3 345 232 95 
3 214 101 362 
3 535 171 713 
3 1262 678 172 
3 678 9 172 
3 9 592 62 
3 479 349 233 
3 326 325 333 
3 117 832 332 
3 347 345 334 
3 234 1216 706 
3 486 62 592 
3 486 807 62 
3 884 1340 1884 
3 1270 1381 1372 
3 348 157 299 
3 1320 1418 1395 
3 1243 452 1262 
3 1262 452 678 
3 343 592 9 
3 149 61 52 
3 1224 1230 1228 
3 1246 1253 1243 
3 1243 1253 452 
3 163 486 592 
3 163 96 486 
3 2 87 54 
3 1474 1497 1496 
3 1488 1474 1496 
3 525 115 731 
3 1230 1246 1243 
3 1228 1230 1243 
3 452 343 9 
3 678 452 9 
3 31 592 343 
3 31 163 592 
3 743 226 437 
3 334 256 347 
3 149 52 180 
3 6 875 248 
3 1482 1474 1488 
3 1246 1230 1253 
3 452 31 343 
3 45 96 163 
3 364 158 521 
3 737 7 103 
3 213 73 87 
3 1063 533 584 
3 45 44 438 
3 42 436 150 
3 1244 1240 1092 
3 211 445 23 
3 1459 1465 1482 
3 1440 988 1442 
3 163 44 45 
3 1418 1354 1863 
3 436 1241 150 
3 453 1027 42 
3 108 1265 1249 
3 230 454 59 
3 1465 1474 1482 
3 311 1329 1319 
3 677 1234 1230 
3 1230 1234 1253 
3 452 374 31 
3 163 323 44 
3 282 214 230 
3 214 282 230 
3 1258 374 452 
3 1253 1258 452 
3 1215 909 1217 
3 1354 1418 1320 
3 1234 1240 1253 
3 294 418 853 
3 558 234 226 
3 11 103 71 
3 1240 1258 1253 
3 31 77 163 
3 77 323 163 
3 558 280 234 
3 214 224 186 
3 1205 1250 1249 
3 586 1296 1282 
3 1240 1234 677 
3 114 230 276 
3 1125 47 32 
3 308 77 31 
3 868 780 340 
3 1250 108 1249 
3 694 226 707 
3 288 1125 32 
3 319 31 374 
3 31 319 308 
3 529 323 77 
3 323 24 44 
3 280 309 234 
3 234 309 1216 
3 1491 1012 183 
3 77 308 529 
3 323 41 24 
3 225 361 1313 
3 6 248 71 
3 1258 669 374 
3 669 319 374 
3 249 41 323 
3 529 249 323 
3 115 444 782 
3 146 90 3 
3 309 705 1216 
3 669 1258 1240 
3 1264 109 636 
3 1302 185 1293 
3 1217 909 960 
3 237 265 1302 
3 337 1337 1336 
3 547 541 205 
3 1313 691 705 
3 286 352 337 
3 1327 1332 370 
3 798 846 901 
3 337 1338 1337 
3 361 225 611 
3 451 439 484 
3 677 1092 1240 
3 225 1313 109 
3 264 228 277 
3 352 1334 337 
3 785 783 1340 
3 309 1313 705 
3 674 683 682 
3 663 623 602 
3 622 663 710 
3 995 1591 806 
3 450 206 1047 
3 1283 99 215 
3 611 563 593 
3 475 246 664 
3 1294 1264 636 
3 442 1337 1347 
3 465 527 227 
3 659 630 636 
3 1454 1499 1527 
3 602 674 663 
3 107 1293 185 
3 1829 1851 1850 
3 109 690 660 
3 1313 690 109 
3 563 611 1264 
3 362 101 1237 
3 337 1334 1338 
3 206 450 517 
3 1347 471 503 
3 167 554 1323 
3 1468 1472 1489 
3 1091 1141 702 
3 471 563 1294 
3 715 1167 821 
3 1264 611 225 
3 1332 337 1336 
3 1004 1887 399 
3 586 1283 215 
3 1023 1252 1400 
3 1179 1370 1383 
3 1313 726 1324 
3 471 636 630 
3 352 420 1334 
3 1047 39 450 
3 99 1283 586 
3 237 1302 107 
3 14 446 330 
3 1313 361 645 
3 530 525 784 
3 1338 553 1348 
3 1337 1338 1348 
3 370 1332 442 
3 1332 1336 442 
3 715 821 414 
3 237 283 1322 
3 362 1237 282 
3 187 1303 237 
3 257 27 131 
3 801 430 1335 
3 1287 36 213 
3 554 167 338 
3 335 1331 1330 
3 311 335 1330 
3 1331 439 451 
3 506 420 421 
3 1330 1331 451 
3 663 674 1284 
3 674 385 1284 
3 184 107 185 
3 1322 283 314 
3 14 27 446 
3 439 520 484 
3 265 185 1302 
3 420 553 1338 
3 554 338 916 
3 1400 1298 1023 
3 553 563 471 
3 1324 726 1313 
3 1285 14 446 
3 434 435 451 
3 338 167 175 
3 277 311 1319 
3 546 783 244 
3 801 1335 1274 
3 338 1297 916 
3 1294 563 1264 
3 420 1338 1334 
3 783 606 244 
3 1337 1348 1347 
3 1313 1324 690 
3 311 312 335 
3 220 1285 1310 
3 1284 385 1278 
3 1128 1023 1252 
3 1285 220 14 
3 622 623 663 
3 109 660 636 
3 524 446 330 
3 1589 1402 1403 
3 338 220 1310 
3 674 682 385 
3 284 337 1332 
3 107 1302 1293 
3 663 1284 710 
3 1888 517 1067 
3 350 1251 69 
3 435 434 415 
3 435 415 428 
3 1297 338 1310 
3 682 307 385 
3 1306 1305 1280 
3 1276 1306 1280 
3 313 367 312 
3 1327 284 1332 
3 1336 1337 442 
3 1264 225 109 
3 180 169 1229 
3 475 801 246 
3 352 267 353 
3 1403 1404 1589 
3 1285 1292 1310 
3 307 682 748 
3 682 718 748 
3 1277 1276 1275 
3 1158 237 107 
3 1067 517 511 
3 1271 1282 1270 
3 489 125 443 
3 446 14 330 
3 586 1282 1271 
3 1292 1285 446 
3 446 330 1287 
3 443 125 489 
3 108 116 735 
3 813 100 99 
3 1276 1307 1306 
3 1483 1260 1317 
3 1272 586 1271 
3 1348 553 471 
3 1287 213 219 
3 330 446 1287 
3 443 231 489 
3 330 36 1287 
3 86 35 955 
3 450 785 1560 
3 1312 1304 1260 
3 1329 435 428 
3 1289 1276 1277 
3 1289 1290 1276 
3 1158 187 237 
3 1311 556 1248 
3 558 226 743 
3 1323 554 993 
3 1292 446 524 
3 273 443 489 
3 1290 1289 1277 
3 1290 1307 1276 
3 215 264 1296 
3 1304 1286 1273 
3 1260 1304 1273 
3 1311 1248 1273 
3 1286 1311 1273 
3 246 801 250 
3 1322 314 278 
3 1019 1572 1036 
3 307 748 608 
3 182 307 608 
3 1321 443 273 
3 471 1294 636 
3 215 1296 586 
3 1322 278 265 
3 542 701 1129 
3 1101 1284 1278 
3 39 783 785 
3 1304 400 1286 
3 400 1311 1286 
3 1339 244 1200 
3 1324 309 726 
3 674 602 683 
3 265 237 1322 
3 1653 1487 1470 
3 446 36 330 
3 1321 22 443 
3 1277 1267 1290 
3 1290 1308 1307 
3 1313 309 1324 
3 467 68 97 
3 1312 1279 1304 
3 367 1331 335 
3 524 330 1287 
3 1347 1348 471 
3 1308 1315 1307 
3 1365 1529 1108 
3 531 530 784 
3 123 531 784 
3 1041 556 1311 
3 666 1041 1311 
3 312 367 335 
3 1705 1707 1711 
3 690 1324 725 
3 1331 367 439 
3 710 1284 1101 
3 608 748 758 
3 170 699 169 
3 1308 1309 1315 
3 1368 1362 1371 
3 306 1200 244 
3 1279 1299 1304 
3 1304 1299 400 
3 666 1311 400 
3 251 283 237 
3 1853 1866 1871 
3 1312 963 1279 
3 1101 1279 963 
3 1314 1321 273 
3 699 1229 169 
3 1268 1290 1267 
3 1290 1309 1308 
3 386 1320 1315 
3 1320 386 1315 
3 314 1327 370 
3 542 156 701 
3 475 1486 1684 
3 1297 1185 528 
3 1031 916 60 
3 1297 1310 1185 
3 158 1321 1314 
3 1379 1305 1306 
3 553 420 506 
3 291 1342 782 
3 608 758 1041 
3 666 608 1041 
3 1635 1452 1453 
3 60 916 528 
3 916 1297 528 
3 1314 1287 158 
3 601 471 630 
3 1291 1290 1268 
3 1316 1315 1309 
3 1316 1320 1315 
3 400 608 666 
3 1292 524 1185 
3 187 189 188 
3 68 467 1318 
3 187 188 1303 
3 1281 1291 1268 
3 1290 1291 1309 
3 1320 1316 386 
3 1278 385 1299 
3 1279 1278 1299 
3 385 307 400 
3 1299 385 400 
3 307 182 400 
3 400 182 608 
3 801 208 430 
3 243 547 205 
3 1292 1185 1310 
3 1324 726 725 
3 699 170 105 
3 105 68 1318 
3 699 105 1318 
3 1316 1325 386 
3 1325 1187 386 
3 1096 1587 1114 
3 515 208 801 
3 1287 1314 524 
3 1287 219 158 
3 1541 1546 1545 
3 1540 1541 1545 
3 1361 519 1520 
3 570 1129 701 
3 785 1340 884 
3 176 903 127 
3 1232 1226 1233 
3 570 1366 1129 
3 1571 884 1560 
3 378 533 1432 
3 210 570 533 
3 378 210 533 
3 570 210 1366 
3 210 290 1129 
3 1366 210 1129 
3 1129 290 542 
3 290 909 542 
3 290 960 909 
3 124 697 290 
3 210 124 290 
3 697 457 290 
3 290 457 960 
3 960 457 1217 
3 378 124 210 
3 1477 1420 1006 
3 591 378 597 
3 1165 591 597 
3 378 591 124 
3 124 457 697 
3 124 1394 457 
3 1653 1470 1452 
3 1377 1378 1388 
3 1199 1048 1231 
3 124 350 1394 
3 1394 350 457 
3 1048 1165 1231 
3 1048 671 591 
3 1165 1048 591 
3 671 350 124 
3 591 671 124 
3 350 69 457 
3 98 467 97 
3 827 155 1880 
3 1544 1545 1157 
3 176 173 18 
3 1273 700 1260 
3 1369 1048 1199 
3 671 588 350 
3 1545 1546 1204 
3 1546 640 1204 
3 607 247 231 
3 1278 1279 1101 
3 154 1081 1513 
3 1777 1770 1785 
3 1295 499 143 
3 1850 1849 1834 
3 1199 732 1369 
3 732 1183 1369 
3 926 1048 1369 
3 1183 926 1369 
3 926 635 671 
3 1048 926 671 
3 671 635 588 
3 635 1251 350 
3 588 635 350 
3 1449 1472 1468 
3 1490 1489 1472 
3 1425 1074 1389 
3 1198 494 1065 
3 758 718 759 
3 1449 1468 1472 
3 1260 700 1317 
3 732 926 1183 
3 1449 1451 1468 
3 1468 1451 1472 
3 1490 538 1489 
3 272 406 952 
3 1183 926 732 
3 926 1183 635 
3 1426 1435 1434 
3 1449 1450 1451 
3 1421 1422 1426 
3 1426 1422 1435 
3 1469 1486 1490 
3 1472 1469 1490 
3 1183 455 635 
3 1435 1450 1449 
3 1434 1435 1449 
3 1451 1469 1472 
3 475 538 1490 
3 1486 475 1490 
3 475 664 538 
3 250 289 538 
3 664 250 538 
3 306 260 575 
3 455 1183 732 
3 1169 455 732 
3 455 469 635 
3 469 1256 1251 
3 635 469 1251 
3 1204 1389 1074 
3 1319 1381 1382 
3 1364 1370 1085 
3 1329 1396 1381 
3 1330 435 1329 
3 1444 1451 1450 
3 1435 1444 1450 
3 1520 519 1120 
3 1505 1120 1326 
3 640 883 1425 
3 1357 1364 1355 
3 1357 1370 1364 
3 1357 1211 1370 
3 1225 1245 1448 
3 1408 1423 1422 
3 1411 1408 1422 
3 1423 1436 1435 
3 1422 1423 1435 
3 1436 1437 1444 
3 1435 1436 1444 
3 1437 1452 1451 
3 1444 1437 1451 
3 1452 1470 1469 
3 1451 1452 1469 
3 1469 1470 1486 
3 1486 1674 1487 
3 1413 980 1420 
3 1470 1487 1486 
3 1537 154 1105 
3 1393 1054 1169 
3 668 455 1169 
3 1054 668 1169 
3 668 735 469 
3 455 668 469 
3 1455 1445 1446 
3 1185 524 298 
3 459 552 38 
3 1731 1739 1722 
3 1376 1211 1357 
3 1409 1408 1398 
3 1427 1437 1436 
3 1423 1427 1436 
3 1403 1388 1404 
3 84 1367 1363 
3 596 556 1041 
3 714 1185 298 
3 1004 1054 1393 
3 1210 574 399 
3 1320 1307 1315 
3 1635 1453 1438 
3 1359 1357 1356 
3 1358 1359 1356 
3 1377 1376 1357 
3 1359 1377 1357 
3 1388 1211 1376 
3 1377 1388 1376 
3 1402 1409 1398 
3 1388 1398 1211 
3 1402 1408 1409 
3 1402 1424 1423 
3 1408 1402 1423 
3 1423 1424 1427 
3 1424 1438 1437 
3 1427 1424 1437 
3 1438 1453 1452 
3 1437 1438 1452 
3 1197 828 650 
3 1111 1511 1510 
3 1300 1319 1382 
3 1010 808 539 
3 208 1198 430 
3 1200 459 38 
3 1539 1540 1544 
3 1507 1094 1405 
3 1094 976 1405 
3 475 515 801 
3 533 378 1432 
3 744 491 668 
3 1054 744 668 
3 491 101 735 
3 668 491 735 
3 384 459 1200 
3 306 384 1200 
3 1512 1197 650 
3 7 71 103 
3 1466 1295 1074 
3 1325 1328 1187 
3 1329 428 1328 
3 1507 1405 1397 
3 1120 897 1184 
3 1388 1403 1402 
3 1110 859 576 
3 1431 1110 576 
3 399 1212 744 
3 1363 800 153 
3 575 384 306 
3 1178 1100 1512 
3 1425 883 1074 
3 733 84 1363 
3 55 54 87 
3 1296 1300 1282 
3 1378 1377 1359 
3 1004 715 414 
3 1462 1479 1478 
3 1479 1492 222 
3 1478 1479 222 
3 1492 30 179 
3 222 1492 179 
3 30 351 179 
3 1544 1157 154 
3 429 297 709 
3 1110 1483 1475 
3 86 306 391 
3 700 159 1498 
3 1317 700 1498 
3 205 467 540 
3 828 518 650 
3 1672 1462 1473 
3 399 574 1212 
3 574 634 744 
3 1212 574 744 
3 634 1237 491 
3 744 634 491 
3 1367 714 1363 
3 375 606 112 
3 375 82 606 
3 82 86 391 
3 1457 1181 640 
3 1546 1457 640 
3 1479 1493 1492 
3 1493 258 30 
3 1492 1493 30 
3 429 1248 297 
3 39 375 199 
3 336 181 149 
3 1439 1511 1111 
3 1684 515 475 
3 1483 1317 1475 
3 1317 1498 1475 
3 429 342 159 
3 700 429 159 
3 1510 1052 1179 
3 1181 1130 883 
3 640 1181 883 
3 1405 980 1413 
3 1140 964 1181 
3 1509 1439 1517 
3 1479 1480 1493 
3 403 351 30 
3 258 403 30 
3 390 389 1121 
3 1400 897 1298 
3 604 272 709 
3 1460 749 603 
3 403 523 351 
3 1249 329 642 
3 1390 1466 883 
3 1382 1381 1270 
3 1363 714 800 
3 342 429 709 
3 540 375 1047 
3 297 604 709 
3 1467 1461 1201 
3 1130 1390 883 
3 1374 1454 1515 
3 1462 1480 1479 
3 1136 523 403 
3 964 1441 1181 
3 1059 1522 1128 
3 1003 221 500 
3 976 1003 500 
3 1100 1197 1512 
3 390 25 43 
3 1407 1416 1415 
3 1406 1407 1415 
3 1455 1446 1458 
3 1446 1463 1462 
3 1458 1446 1462 
3 1463 1464 1462 
3 1464 1481 1480 
3 1462 1464 1480 
3 1481 1494 1493 
3 1480 1481 1493 
3 1494 994 258 
3 1493 1494 258 
3 456 403 258 
3 994 456 258 
3 621 1136 403 
3 456 621 403 
3 621 523 1136 
3 621 745 523 
3 141 473 523 
3 745 141 523 
3 1516 1524 1476 
3 1128 245 1471 
3 1155 321 634 
3 574 1155 634 
3 599 681 202 
3 298 524 273 
3 681 236 202 
3 1368 1371 1527 
3 1263 1254 1540 
3 1502 1524 1476 
3 1476 1046 1115 
3 321 454 1237 
3 634 321 1237 
3 541 467 205 
3 467 97 540 
3 98 97 467 
3 236 84 733 
3 1446 1464 1463 
3 621 141 745 
3 1516 1476 1503 
3 1467 1201 828 
3 174 639 142 
3 202 236 733 
3 1686 1703 1702 
3 1494 1495 994 
3 1495 1123 994 
3 516 141 621 
3 1037 1059 1128 
3 590 467 541 
3 701 156 1164 
3 1398 1408 1383 
3 493 1301 322 
3 639 321 1155 
3 1429 1446 1445 
3 1481 1495 1494 
3 1220 456 994 
3 1123 1220 994 
3 954 322 495 
3 1373 493 322 
3 987 321 639 
3 260 306 86 
3 1370 1384 1383 
3 1280 1305 1362 
3 1305 1371 1362 
3 1305 1379 1371 
3 1392 1386 1371 
3 1392 1395 1386 
3 1395 1407 1386 
3 1395 1417 1416 
3 1407 1395 1416 
3 1703 1694 1704 
3 1428 1430 1429 
3 1430 1442 1446 
3 1429 1430 1446 
3 1442 1459 1464 
3 1446 1442 1464 
3 1459 1482 1481 
3 1464 1459 1481 
3 1482 1488 1481 
3 1488 1496 1495 
3 1481 1488 1495 
3 1496 468 1123 
3 1495 1496 1123 
3 637 1220 1123 
3 468 637 1123 
3 637 456 1220 
3 637 1203 456 
3 161 621 456 
3 1203 161 456 
3 75 516 621 
3 161 75 621 
3 1687 1694 1703 
3 75 34 495 
3 954 495 34 
3 34 32 322 
3 954 34 322 
3 32 47 322 
3 47 1373 322 
3 47 493 1373 
3 47 183 493 
3 183 1055 493 
3 1055 1012 174 
3 1012 639 174 
3 959 987 639 
3 1012 959 639 
3 959 321 987 
3 959 346 321 
3 346 454 321 
3 1341 1229 541 
3 1229 699 541 
3 699 1318 590 
3 541 699 590 
3 637 161 1203 
3 1615 1635 1438 
3 1300 1296 1319 
3 1379 1395 1392 
3 1615 1438 1424 
3 1613 1615 1424 
3 75 1007 34 
3 1229 1341 336 
3 700 1273 1248 
3 1392 1395 1379 
3 70 161 637 
3 183 1012 1055 
3 1673 1184 1504 
3 1159 1504 1184 
3 1266 346 959 
3 1604 1613 1603 
3 1459 1442 1456 
3 1075 1502 1503 
3 221 1100 500 
3 677 1084 1092 
3 1230 1224 677 
3 1537 1544 154 
3 1105 1097 1088 
3 1121 1105 1088 
3 1146 1346 767 
3 1087 293 176 
3 1100 1467 1197 
3 1154 585 1209 
3 962 1032 1065 
3 1765 1759 1024 
3 1408 1501 1383 
3 1516 1502 1524 
3 143 499 519 
3 1147 1142 1126 
3 1074 1094 680 
3 1399 897 1400 
3 1087 176 366 
3 235 1087 653 
3 897 1399 1184 
3 1149 1135 1061 
3 1685 1687 1360 
3 1379 1392 1371 
3 1810 259 242 
3 293 448 176 
3 1521 1537 1105 
3 235 653 677 
3 1100 1361 1467 
3 373 1538 1537 
3 1514 585 1059 
3 1059 585 341 
3 462 796 1023 
3 964 1106 1419 
3 1505 1326 1201 
3 711 63 1514 
3 964 1140 1092 
3 340 780 868 
3 796 1037 1128 
3 1037 127 796 
3 127 1037 796 
3 18 903 127 
3 1059 341 1522 
3 1508 366 1098 
3 1410 176 127 
3 293 1087 235 
3 1117 187 1876 
3 366 1508 1106 
3 1399 1159 1184 
3 1399 1400 1252 
3 1170 1099 1142 
3 1410 1037 1098 
3 903 18 127 
3 1383 1384 1211 
3 1522 341 1154 
3 1120 1505 1201 
3 1087 366 653 
3 1060 1135 1485 
3 964 1419 1130 
3 293 235 1224 
3 1244 1092 1457 
3 1545 1204 1157 
3 1252 1471 1399 
3 366 964 653 
3 1525 1126 1142 
3 160 360 1173 
3 366 176 1098 
3 499 1401 1298 
3 1539 1544 1537 
3 677 653 1084 
3 176 18 903 
3 199 375 112 
3 1520 1120 1461 
3 644 1539 1538 
3 80 1535 216 
3 176 1410 1098 
3 1140 1181 1457 
3 462 1098 796 
3 1541 1457 1546 
3 1361 1520 1467 
3 1467 1520 1461 
3 373 644 1538 
3 1106 462 781 
3 1591 834 67 
3 390 594 360 
3 160 390 360 
3 1254 1247 1541 
3 1075 1503 980 
3 903 711 127 
3 181 263 276 
3 444 1083 291 
3 1538 1539 1537 
3 1419 1106 1390 
3 519 1361 143 
3 216 1535 1521 
3 1094 976 680 
3 1441 1130 1181 
3 1006 672 1385 
3 1060 1485 1149 
3 43 389 390 
3 181 809 263 
3 1120 1201 1461 
3 1130 1419 1390 
3 1081 680 1507 
3 1231 1165 597 
3 809 1083 263 
3 964 366 1106 
3 809 181 336 
3 809 291 1083 
3 496 1506 1046 
3 650 496 1046 
3 390 1121 594 
3 1295 1003 1074 
3 1832 1845 1831 
3 1204 640 1389 
3 341 585 1154 
3 1081 1507 1082 
3 511 1884 569 
3 1197 1467 828 
3 1341 809 336 
3 1094 680 976 
3 1540 1545 1544 
3 1398 1388 1402 
3 594 1121 1088 
3 1233 1099 1189 
3 1502 1516 1503 
3 1506 1344 1115 
3 291 1137 1342 
3 1097 1513 1082 
3 1412 812 123 
3 498 831 812 
3 1412 498 812 
3 883 1466 1074 
3 1006 1420 962 
3 1399 1471 1159 
3 962 672 1006 
3 1118 1091 702 
3 1686 1687 1703 
3 653 964 1084 
3 1735 1756 1747 
3 1 470 1536 
3 127 1059 1037 
3 1046 1506 1115 
3 1288 1006 1385 
3 1044 1288 1385 
3 1147 1171 1170 
3 1170 1142 1147 
3 1137 291 1346 
3 808 1008 1011 
3 1159 245 1504 
3 672 962 1065 
3 1390 1106 781 
3 1390 1156 1466 
3 1466 1156 1295 
3 1015 1016 1021 
3 644 1540 1539 
3 1137 1533 1542 
3 1088 1089 1288 
3 594 1088 1288 
3 1721 1746 1729 
3 360 594 1044 
3 594 1288 1044 
3 245 1108 1504 
3 216 1521 389 
3 1370 1211 1384 
3 1089 1006 1288 
3 461 587 513 
3 513 587 1351 
3 1351 1414 1412 
3 1091 498 1412 
3 1414 1091 1412 
3 1115 1530 538 
3 1092 1140 1457 
3 1509 1090 1534 
3 1137 1146 1533 
3 1349 461 1547 
3 767 1 1064 
3 1529 1365 1195 
3 964 1130 1441 
3 1351 587 1414 
3 1115 538 289 
3 1405 1413 1397 
3 1513 1081 1082 
3 980 514 1420 
3 680 1094 1507 
3 461 1414 587 
3 1106 1508 462 
3 1052 1370 1179 
3 1457 1541 1247 
3 587 1414 461 
3 1420 514 962 
3 545 1201 1326 
3 63 585 1514 
3 1105 154 1097 
3 1064 1533 1146 
3 1414 587 461 
3 973 1414 587 
3 1414 973 587 
3 250 1476 289 
3 1157 1204 680 
3 1398 1383 1211 
3 1507 1397 1082 
3 1543 1349 1533 
3 1536 1543 1533 
3 1543 410 461 
3 1349 1543 461 
3 973 1141 1414 
3 1141 1091 1414 
3 1476 1115 289 
3 1084 964 1092 
3 373 1537 1521 
3 1521 1105 1121 
3 1476 250 1274 
3 1149 1525 1142 
3 1254 1541 1540 
3 1064 1 1533 
3 1082 1397 1089 
3 1088 1082 1089 
3 80 373 1521 
3 1535 80 1521 
3 1341 541 547 
3 39 199 783 
3 1536 1533 1 
3 973 1414 461 
3 410 973 461 
3 1397 1413 1420 
3 1089 1397 1420 
3 1111 1383 1501 
3 1503 1476 1274 
3 606 82 391 
3 780 38 868 
3 1135 1104 1061 
3 711 1514 1059 
3 1365 1194 1195 
3 1111 1510 1179 
3 1485 1135 1149 
3 796 1128 1252 
3 1228 293 1224 
3 644 1263 1540 
3 390 160 25 
3 63 33 104 
3 391 306 606 
3 306 244 606 
3 1097 154 1513 
3 494 672 1065 
3 1543 618 410 
3 537 973 410 
3 618 537 410 
3 1141 1352 702 
3 972 992 991 
3 1509 1534 1439 
3 1088 1097 1082 
3 1401 1023 1298 
3 53 569 1884 
3 1536 470 1543 
3 1410 127 1037 
3 1227 293 1228 
3 1128 1522 245 
3 1522 1154 245 
3 1850 1870 1849 
3 796 1252 1023 
3 173 83 33 
3 1543 470 618 
3 1242 69 1251 
3 1515 1527 1371 
3 1162 1135 1060 
3 1188 537 618 
3 1109 973 537 
3 1109 1141 973 
3 1109 1352 1141 
3 545 518 828 
3 1201 545 828 
3 1244 1457 1247 
3 1386 1515 1371 
3 1454 1518 1499 
3 1089 1477 1006 
3 462 1401 781 
3 1401 499 781 
3 63 433 585 
3 1886 1066 304 
3 1204 1074 680 
3 127 711 1059 
3 640 1425 1389 
3 1188 618 537 
3 499 1298 519 
3 1226 1060 1099 
3 1233 1226 1099 
3 1515 1454 1386 
3 1298 897 1120 
3 519 1298 1120 
3 1188 537 618 
3 1524 1502 1046 
3 1178 980 550 
3 1178 1512 1075 
3 1515 1386 1391 
3 1386 1454 1515 
3 1149 1142 1099 
3 1060 1149 1099 
3 1508 1098 462 
3 1401 462 1023 
3 1178 1075 980 
3 552 868 459 
3 1061 1525 1149 
3 1098 1037 796 
3 1524 1502 1476 
3 1476 1524 1046 
3 1828 1829 1834 
3 1089 1420 1477 
3 1352 672 494 
3 1502 1512 650 
3 1252 1128 1471 
3 1531 1518 1454 
3 1374 1531 1454 
3 1512 1502 1075 
3 1173 618 470 
3 160 1173 470 
3 1173 1188 618 
3 1173 360 1188 
3 1188 360 537 
3 360 1044 537 
3 537 1044 1109 
3 1044 1385 1109 
3 672 1352 1109 
3 1385 672 1109 
3 511 517 1560 
3 1390 781 1156 
3 223 222 178 
3 831 123 812 
3 141 1333 1618 
3 1812 1829 1828 
3 115 1005 1210 
3 1636 1637 1656 
3 1515 1454 1527 
3 1682 538 1530 
3 1637 1657 1656 
3 1072 1525 1061 
3 1071 1072 1061 
3 548 1350 142 
3 1072 1592 1525 
3 1487 1674 1684 
3 67 937 1010 
3 1754 1784 1762 
3 1462 1478 1473 
3 1137 1542 778 
3 1614 1637 1616 
3 1036 1572 1049 
3 1049 1584 1072 
3 1072 1584 1592 
3 1126 1525 1592 
3 1584 1126 1592 
3 199 606 783 
3 1499 1362 1368 
3 1680 1678 1679 
3 1049 1586 1584 
3 799 178 1558 
3 702 494 1198 
3 1499 1368 1527 
3 868 552 459 
3 1486 1487 1674 
3 1572 1584 1586 
3 1049 1572 1586 
3 779 702 1198 
3 1799 1812 1795 
3 1618 1333 141 
3 1662 1676 1675 
3 805 1350 548 
3 1026 1570 1572 
3 1572 1073 1584 
3 1073 1078 1584 
3 1112 1126 1584 
3 1078 1112 1584 
3 1617 1620 1416 
3 1676 560 483 
3 1675 1676 483 
3 1659 1678 1663 
3 1572 1570 1073 
3 1054 1004 399 
3 827 1880 1870 
3 1404 1590 1604 
3 1374 1515 1391 
3 1345 472 498 
3 802 1555 1519 
3 1655 1675 1674 
3 1416 1614 1415 
3 1407 1406 1386 
3 482 560 1676 
3 1678 1677 1663 
3 1146 1137 1346 
3 1026 1562 1570 
3 1562 1570 1572 
3 1570 1562 1572 
3 1677 482 1676 
3 547 1556 798 
3 701 734 570 
3 1589 1404 1603 
3 1641 1638 1634 
3 1639 1641 1634 
3 1657 1658 1662 
3 260 261 575 
3 156 701 1164 
3 1639 1634 1621 
3 1638 1658 1657 
3 1637 1638 1657 
3 1519 1118 702 
3 1415 1605 1590 
3 779 1519 702 
3 1406 1415 1590 
3 1663 1677 1662 
3 1641 1659 1638 
3 1658 1663 1662 
3 1635 1636 1654 
3 1562 1073 1570 
3 1687 1686 1439 
3 1047 375 39 
3 1621 1620 1617 
3 738 1519 779 
3 483 515 1674 
3 473 1333 531 
3 481 473 531 
3 1155 142 639 
3 1662 1675 1655 
3 1656 1662 1655 
3 1038 1045 1073 
3 1562 1038 1073 
3 222 179 178 
3 1428 1621 1617 
3 1675 483 1674 
3 1159 1471 245 
3 1365 245 1154 
3 1209 1365 1154 
3 245 1365 1108 
3 1637 1636 1616 
3 1416 1620 1614 
3 1638 1637 1614 
3 884 1340 1884 
3 1049 1043 1036 
3 1605 1616 1607 
3 1620 1638 1614 
3 1455 1428 1445 
3 1622 1529 1195 
3 1177 1622 1195 
3 550 976 500 
3 1587 1523 1119 
3 1428 1455 1639 
3 1096 1079 1080 
3 553 536 563 
3 1404 1604 1603 
3 1153 1622 1177 
3 641 638 661 
3 1013 1020 1038 
3 1051 1114 1096 
3 1080 1051 1096 
3 1114 1587 1096 
3 1556 243 798 
3 1532 1623 1622 
3 1153 1532 1622 
3 1642 1529 1622 
3 1623 1642 1622 
3 1642 1504 1108 
3 1529 1642 1108 
3 1378 1404 1388 
3 178 179 1559 
3 1455 1473 1641 
3 1653 1655 1674 
3 805 530 531 
3 33 18 173 
3 1605 1604 1590 
3 179 1259 1559 
3 1051 1587 1114 
3 1118 1345 1091 
3 851 523 532 
3 715 732 1167 
3 1636 1655 1654 
3 1621 1634 1620 
3 1093 1280 1362 
3 1051 1114 1587 
3 1604 1605 1607 
3 1022 1563 1051 
3 1030 1022 1051 
3 1563 1573 1114 
3 1051 1563 1114 
3 1573 1585 1587 
3 1114 1573 1587 
3 1585 1599 1523 
3 1587 1585 1523 
3 1599 1608 1532 
3 1523 1599 1532 
3 1608 1624 1623 
3 1532 1608 1623 
3 1643 1642 1623 
3 1624 1643 1623 
3 1643 1673 1504 
3 1642 1643 1504 
3 551 547 798 
3 1014 1016 1015 
3 1306 1307 1379 
3 805 548 525 
3 1656 1655 1636 
3 1333 805 531 
3 1683 1184 1673 
3 1608 1625 1624 
3 1644 1643 1624 
3 1625 1644 1624 
3 1664 1673 1643 
3 1644 1664 1643 
3 1023 1128 1252 
3 585 854 1209 
3 1351 1412 123 
3 322 1301 495 
3 799 844 474 
3 516 495 141 
3 1555 1345 1118 
3 495 1618 141 
3 1047 205 540 
3 141 1333 473 
3 1433 1426 1434 
3 597 378 1063 
3 1528 1564 1563 
3 1022 1528 1563 
3 1564 1574 1573 
3 1563 1564 1573 
3 1573 1574 1585 
3 1574 1576 1585 
3 1585 1576 1599 
3 1576 1600 1599 
3 1600 1609 1608 
3 1599 1600 1608 
3 1609 1626 1625 
3 1608 1609 1625 
3 1645 1644 1625 
3 1626 1645 1625 
3 1645 1665 1664 
3 1644 1645 1664 
3 1665 1673 1664 
3 1665 1326 1683 
3 1673 1665 1683 
3 1326 1184 1683 
3 1590 1404 1378 
3 1614 1616 1605 
3 1415 1614 1605 
3 495 1333 1618 
3 738 802 1519 
3 1473 1659 1641 
3 1301 805 1333 
3 205 206 517 
3 1405 976 550 
3 495 1301 1333 
3 1593 1601 1600 
3 1576 1593 1600 
3 1600 1601 1609 
3 716 208 515 
3 500 1178 550 
3 1259 523 851 
3 1559 1259 851 
3 831 481 812 
3 513 1349 1547 
3 1616 1636 1635 
3 222 223 1680 
3 1301 493 1350 
3 805 1301 1350 
3 1548 1552 1528 
3 1552 1565 1564 
3 1528 1552 1564 
3 1564 1565 1574 
3 1574 1565 1576 
3 1565 1577 1576 
3 1594 1593 1576 
3 1577 1594 1576 
3 1602 1601 1593 
3 1594 1602 1593 
3 1602 1610 1609 
3 1601 1602 1609 
3 1610 1627 1626 
3 1609 1610 1626 
3 1627 1646 1645 
3 1626 1627 1645 
3 1666 1665 1645 
3 1646 1666 1645 
3 1666 545 1326 
3 1665 1666 1326 
3 483 716 515 
3 547 243 1556 
3 221 1003 1295 
3 143 221 1295 
3 809 1341 547 
3 551 809 547 
3 782 1342 778 
3 731 782 778 
3 1458 1660 1455 
3 752 309 753 
3 1424 1402 1603 
3 1519 1555 1118 
3 1549 1553 1552 
3 1552 1553 1565 
3 1775 1799 1784 
3 1406 1590 1378 
3 493 174 142 
3 1350 493 142 
3 1656 1657 1662 
3 291 809 551 
3 731 778 513 
3 523 473 481 
3 1365 1209 1194 
3 1346 291 551 
3 784 731 513 
3 1550 1554 1553 
3 1549 1550 1553 
3 1566 1565 1553 
3 1554 1566 1553 
3 1566 1578 1577 
3 1565 1566 1577 
3 1578 1579 1577 
3 1577 1579 1594 
3 1579 1595 1602 
3 1594 1579 1602 
3 1595 1611 1610 
3 1602 1595 1610 
3 1628 1627 1610 
3 1611 1628 1610 
3 1628 1647 1646 
3 1627 1628 1646 
3 1647 1667 1666 
3 1646 1647 1666 
3 1667 1668 1666 
3 518 545 1666 
3 1668 518 1666 
3 1074 1003 1094 
3 1607 1616 1615 
3 123 784 513 
3 1499 1527 1454 
3 1604 1607 1615 
3 1566 1579 1578 
3 1628 1648 1647 
3 1648 1668 1667 
3 1647 1648 1667 
3 1681 518 1668 
3 778 1533 1349 
3 513 778 1349 
3 496 650 497 
3 1615 1616 1635 
3 1429 1445 1428 
3 718 758 748 
3 1678 1680 474 
3 1680 223 474 
3 778 1542 1533 
3 206 205 1047 
3 1478 222 1680 
3 1679 1678 1659 
3 857 831 498 
3 1386 1406 1391 
3 1360 1090 1554 
3 1550 1360 1554 
3 1567 1566 1554 
3 1090 1567 1554 
3 1567 1580 1579 
3 1566 1567 1579 
3 1580 1596 1595 
3 1579 1580 1595 
3 1596 1606 1611 
3 1595 1596 1611 
3 1606 1629 1628 
3 1611 1606 1628 
3 1629 1630 1628 
3 1630 1649 1648 
3 1628 1630 1648 
3 1649 1526 1668 
3 1648 1649 1668 
3 496 1681 1668 
3 1526 496 1668 
3 497 518 1681 
3 496 497 1681 
3 518 497 650 
3 1005 574 1210 
3 123 513 1351 
3 1877 1876 1865 
3 1558 1555 802 
3 799 1558 802 
3 472 857 498 
3 1455 1641 1639 
3 1634 1638 1620 
3 482 802 738 
3 1248 429 700 
3 1654 1655 1653 
3 1606 1630 1629 
3 1473 1478 1680 
3 1362 1499 1557 
3 1558 857 472 
3 1120 1184 1326 
3 857 851 831 
3 844 802 482 
3 474 844 482 
3 1555 1558 472 
3 844 799 802 
3 1342 1137 778 
3 1649 1669 1526 
3 1669 1506 496 
3 1526 1669 496 
3 1421 1411 1422 
3 851 532 481 
3 780 340 383 
3 1008 780 383 
3 1568 1567 1090 
3 1509 1568 1090 
3 1568 1581 1580 
3 1567 1568 1580 
3 1597 1596 1580 
3 1581 1597 1580 
3 1596 1597 1606 
3 1597 1612 1606 
3 1612 1631 1630 
3 1606 1612 1630 
3 1631 1650 1649 
3 1630 1631 1649 
3 1649 1650 1669 
3 1678 482 1677 
3 560 738 716 
3 1345 498 1091 
3 500 1100 1178 
3 1678 474 482 
3 1009 878 53 
3 1841 1855 1851 
3 1454 1527 1499 
3 827 107 1864 
3 495 516 75 
3 208 716 1198 
3 1428 1639 1621 
3 1771 1280 1093 
3 842 1008 808 
3 378 533 1063 
3 1582 1581 1568 
3 1659 1663 1658 
3 1865 1864 1851 
3 1503 514 980 
3 1583 1582 1568 
3 1588 1581 1582 
3 1583 1588 1582 
3 1598 1597 1581 
3 1588 1598 1581 
3 1433 1612 1597 
3 1433 1619 1612 
3 1632 1631 1612 
3 1619 1632 1612 
3 1651 1650 1631 
3 1632 1651 1631 
3 1651 1670 1669 
3 1650 1651 1669 
3 1670 1344 1506 
3 1669 1670 1506 
3 1660 1473 1455 
3 1353 842 808 
3 995 1353 808 
3 1353 1008 842 
3 1353 842 1008 
3 38 780 1008 
3 842 38 1008 
3 1517 1569 1568 
3 1509 1517 1568 
3 1569 1583 1568 
3 716 779 1198 
3 716 738 779 
3 560 482 738 
3 1360 1687 1534 
3 1353 38 842 
3 1111 1179 1383 
3 1598 1433 1597 
3 868 38 552 
3 1045 1078 1073 
3 1124 406 272 
3 1433 1632 1619 
3 474 223 1122 
3 1033 1765 1024 
3 1378 1359 1374 
3 1269 1270 1281 
3 291 782 444 
3 483 560 716 
3 1462 1473 1660 
3 499 1156 781 
3 1214 542 909 
3 1555 472 1345 
3 178 1559 1558 
3 851 481 831 
3 1269 1281 1268 
3 824 1856 1846 
3 53 1884 1009 
3 1439 1111 1517 
3 1111 1501 1569 
3 1517 1111 1569 
3 1411 1583 1569 
3 1411 1588 1583 
3 1411 1421 1588 
3 1421 1598 1588 
3 1421 1426 1598 
3 1426 1433 1598 
3 1434 1433 1598 
3 1433 1434 1598 
3 1633 1632 1433 
3 1434 1633 1433 
3 1633 1640 1632 
3 1652 1651 1632 
3 1640 1652 1632 
3 1671 1670 1651 
3 1652 1671 1651 
3 1671 1682 1344 
3 1670 1671 1344 
3 1274 1032 514 
3 1503 1274 514 
3 532 523 481 
3 1319 264 277 
3 546 806 1591 
3 546 995 806 
3 546 746 995 
3 1339 1353 995 
3 746 1339 995 
3 1339 1200 38 
3 1353 1339 38 
3 223 178 799 
3 1530 1344 1682 
3 1449 1633 1434 
3 399 744 1054 
3 831 812 123 
3 1122 223 799 
3 243 205 517 
3 1473 1679 1659 
3 1024 1034 1033 
3 1591 1340 546 
3 1501 1411 1569 
3 1156 499 1295 
3 1449 1640 1633 
3 1209 953 854 
3 1458 1462 1660 
3 1224 235 677 
3 1523 1153 1119 
3 1085 1355 1364 
3 1468 1652 1640 
3 1449 1468 1640 
3 1489 1671 1652 
3 1468 1489 1652 
3 1671 1489 1682 
3 1489 538 1682 
3 1836 1857 1844 
3 803 189 1117 
3 1685 1696 1695 
3 1785 1791 1801 
3 1808 1801 1791 
3 1791 1792 1815 
3 1751 1750 1735 
3 1843 1862 1842 
3 1210 444 115 
3 1800 1816 1799 
3 1803 1821 1802 
3 995 834 1591 
3 758 759 1182 
3 1836 1858 1857 
3 810 168 1857 
3 1858 810 1857 
3 1740 1757 1764 
3 873 872 865 
3 1808 1815 1801 
3 1815 1819 1801 
3 804 803 1117 
3 1741 1757 1740 
3 1793 865 1788 
3 1812 1816 1830 
3 804 1117 1878 
3 1561 1725 1726 
3 1857 168 824 
3 1757 1779 1764 
3 1764 1779 1786 
3 78 815 1868 
3 1822 1821 1803 
3 1717 1737 1721 
3 1844 1857 1846 
3 1725 1724 1013 
3 824 168 79 
3 1713 1718 1696 
3 1715 1714 1699 
3 1722 1730 1711 
3 1843 1842 1825 
3 1819 1843 1825 
3 1857 824 1846 
3 1821 1827 1826 
3 1809 1821 1826 
3 1815 1843 1819 
3 1821 1809 1802 
3 1548 1689 1549 
3 1733 1561 1562 
3 1733 1725 1561 
3 604 599 406 
3 406 599 202 
3 1822 1836 1821 
3 815 1881 1867 
3 1852 1855 1830 
3 1699 1706 1016 
3 54 55 845 
3 158 219 521 
3 1742 1741 1725 
3 1733 1742 1725 
3 1763 1777 1785 
3 1033 1788 1765 
3 1769 1776 1749 
3 1749 1755 1734 
3 1756 1769 1747 
3 1732 1751 1735 
3 1707 1714 1722 
3 1738 1754 1737 
3 1876 1864 1865 
3 1722 1714 1731 
3 865 1810 1787 
3 1788 865 1787 
3 1715 1732 1714 
3 1742 1757 1741 
3 1804 1803 1786 
3 1779 1804 1786 
3 1770 1791 1785 
3 1806 1810 242 
3 1722 1747 1730 
3 1705 1706 1707 
3 1804 1805 1803 
3 1835 1843 1815 
3 1346 551 1883 
3 1802 1809 1792 
3 1837 1836 1822 
3 1017 1837 1822 
3 1878 1117 1877 
3 1711 1730 1713 
3 1690 1706 1705 
3 1837 136 1836 
3 1830 1855 1841 
3 1868 1867 1856 
3 599 20 681 
3 136 1858 1836 
3 1791 1815 1808 
3 1024 1759 1018 
3 1730 1734 1713 
3 1785 1790 1756 
3 20 596 681 
3 1831 1830 1817 
3 1797 1802 1792 
3 1864 1876 827 
3 1881 815 814 
3 1787 1806 1781 
3 1116 916 1031 
3 814 1882 1872 
3 1711 1713 1697 
3 1110 1475 859 
3 1690 1705 1698 
3 1785 1801 1790 
3 1765 1787 1759 
3 596 20 556 
3 596 1180 681 
3 681 1180 1031 
3 1882 804 1872 
3 1698 1711 1697 
3 1759 1781 1758 
3 900 1883 979 
3 1696 1717 1704 
3 1026 1561 1562 
3 1769 1796 1776 
3 1013 1723 1715 
3 1734 1717 1718 
3 1832 1831 1813 
3 1180 316 1116 
3 1031 1180 1116 
3 1561 1742 1733 
3 1882 814 804 
3 1820 1835 1815 
3 1442 988 1447 
3 710 577 622 
3 1810 1806 1787 
3 596 1752 1180 
3 1180 316 1116 
3 316 1180 1116 
3 316 993 916 
3 1116 316 916 
3 1759 1787 1781 
3 1776 1800 1775 
3 1732 1735 1714 
3 1886 409 821 
3 1703 1729 1710 
3 1693 1685 1550 
3 1016 1706 1690 
3 1693 1689 1697 
3 1842 1862 1861 
3 1694 1695 1704 
3 1687 1685 1694 
3 988 382 1447 
3 1447 382 576 
3 747 797 120 
3 1776 1775 1755 
3 1199 1167 732 
3 1041 758 596 
3 596 758 1752 
3 1876 1158 107 
3 1685 1695 1694 
3 1858 818 810 
3 382 1431 576 
3 1693 1697 1696 
3 243 1888 798 
3 1117 189 187 
3 1823 1822 1803 
3 1805 1823 1803 
3 1442 1430 1443 
3 818 1858 136 
3 356 477 424 
3 382 1575 1431 
3 916 993 554 
3 467 590 1318 
3 1685 1693 1696 
3 1845 1866 1853 
3 1431 1575 1110 
3 1182 1752 758 
3 1182 1180 1752 
3 1182 825 1180 
3 1180 825 316 
3 1017 136 1837 
3 1430 1440 1443 
3 1440 908 988 
3 988 908 382 
3 1575 549 1110 
3 549 1150 963 
3 1110 549 963 
3 1825 1813 1814 
3 1796 1817 1800 
3 825 633 316 
3 1699 1714 1706 
3 633 993 316 
3 633 1323 993 
3 1430 1869 1440 
3 908 1575 382 
3 1101 963 1150 
3 1734 1738 1717 
3 1819 1825 1814 
3 1801 1819 1814 
3 633 825 1182 
3 1440 1869 908 
3 908 996 1575 
3 759 787 786 
3 1809 1826 1820 
3 1869 1145 908 
3 549 1101 1150 
3 1723 1732 1715 
3 1428 1847 1430 
3 1145 56 908 
3 908 56 996 
3 1144 1101 549 
3 1809 1820 1815 
3 1793 1788 1033 
3 797 633 1182 
3 759 797 1182 
3 1735 1750 1756 
3 996 56 1575 
3 56 549 1575 
3 1750 1763 1756 
3 1847 1848 1430 
3 1848 1859 1430 
3 1430 1859 1869 
3 56 1168 549 
3 1690 1689 1548 
3 1758 1779 1757 
3 786 797 759 
3 747 633 797 
3 633 747 1323 
3 1323 747 167 
3 865 866 873 
3 1778 1791 1770 
3 78 1868 824 
3 1805 1804 1779 
3 1428 1848 1847 
3 56 1053 1168 
3 1168 1131 1144 
3 549 1168 1144 
3 1877 1117 1876 
3 1707 1722 1711 
3 1731 1735 1739 
3 830 1823 1805 
3 830 1822 1823 
3 1859 1873 1145 
3 1869 1859 1145 
3 1131 1101 1144 
3 1814 1813 1790 
3 830 1017 1822 
3 207 562 561 
3 1772 1771 1093 
3 1557 1772 1093 
3 866 1033 1042 
3 1617 1417 1428 
3 1428 1417 1848 
3 1734 1755 1738 
3 1821 1836 1844 
3 1801 1814 1790 
3 895 797 786 
3 787 759 760 
3 1873 961 1145 
3 1145 961 56 
3 1053 1131 1168 
3 1833 1101 1131 
3 1833 710 1101 
3 1853 1871 1852 
3 1689 1690 1698 
3 1772 1275 1771 
3 1848 1417 1859 
3 242 830 1806 
3 1713 1734 1718 
3 1800 1799 1775 
3 1695 1696 1704 
3 1518 1557 1499 
3 1794 1275 1772 
3 1809 1815 1792 
3 1417 1418 1859 
3 961 951 56 
3 56 951 1053 
3 1833 1131 710 
3 1019 1742 1561 
3 1758 1757 1742 
3 1780 1779 1758 
3 1748 1557 1518 
3 1794 1277 1275 
3 1873 1879 961 
3 951 559 1053 
3 1053 559 1131 
3 1876 107 827 
3 1747 1769 1749 
3 1267 1277 1794 
3 1418 1863 1859 
3 1859 1863 1873 
3 1868 815 1867 
3 1766 1772 1557 
3 1748 1766 1557 
3 866 1793 1033 
3 559 1196 1131 
3 1196 1343 1131 
3 1131 1343 710 
3 1766 1794 1772 
3 180 1229 336 
3 415 1879 1873 
3 415 961 1879 
3 1343 577 710 
3 866 865 1793 
3 1362 1557 1093 
3 1789 1794 1766 
3 1873 1863 415 
3 1456 1442 1447 
3 1018 1742 1019 
3 1743 1748 1518 
3 1531 1743 1518 
3 1789 1267 1794 
3 434 961 415 
3 434 951 961 
3 1781 1779 1780 
3 1811 1267 1789 
3 1781 1805 1779 
3 404 522 438 
3 434 736 951 
3 736 559 951 
3 1743 1766 1748 
3 559 736 1196 
3 1722 1739 1747 
3 715 1393 1169 
3 1534 1090 1360 
3 1269 1271 1270 
3 604 1124 272 
3 1358 1531 1500 
3 1824 1268 1267 
3 1811 1824 1267 
3 155 813 1880 
3 736 480 1196 
3 1196 480 1343 
3 1343 480 577 
3 1790 1813 1796 
3 1782 1789 1766 
3 1760 1782 1766 
3 1803 1802 1797 
3 1777 1770 1785 
3 1719 1743 1531 
3 1760 1766 1743 
3 1838 1269 1268 
3 1824 1838 1268 
3 1750 1770 1777 
3 480 578 577 
3 1689 1693 1550 
3 1763 1750 1777 
3 1770 1777 1785 
3 1691 1358 1356 
3 1719 1531 1358 
3 736 1062 480 
3 1813 1831 1817 
3 1549 1689 1550 
3 1756 1763 1785 
3 1691 1356 1355 
3 1085 1691 1355 
3 1761 1760 1743 
3 1744 1761 1743 
3 1807 1811 1789 
3 1838 1271 1269 
3 78 824 79 
3 1876 187 1158 
3 1821 1844 1827 
3 1708 1719 1358 
3 1744 1743 1719 
3 1782 1807 1789 
3 1807 1824 1811 
3 1860 1271 1838 
3 736 451 1062 
3 1756 1790 1769 
3 1725 1740 1724 
3 1698 1705 1711 
3 1510 1691 1085 
3 1708 1358 1691 
3 1761 1782 1760 
3 1818 1824 1807 
3 1860 1272 1271 
3 1718 1717 1696 
3 451 207 480 
3 1062 451 480 
3 1817 1830 1816 
3 1796 1800 1776 
3 1510 1085 1052 
3 1818 1838 1824 
3 1875 1272 1860 
3 1813 1817 1796 
3 1720 1719 1708 
3 1736 1744 1719 
3 1839 1838 1818 
3 96 807 486 
3 1018 1758 1742 
3 1842 1861 1845 
3 1881 814 1872 
3 1781 1780 1758 
3 1867 1881 1872 
3 1692 1691 1510 
3 1720 1736 1719 
3 1783 1782 1761 
3 1839 1860 1838 
3 1875 1661 586 
3 1272 1875 586 
3 1806 1805 1781 
3 1712 1716 1708 
3 1727 1720 1708 
3 1716 1727 1708 
3 1854 1860 1839 
3 1143 1661 1875 
3 1661 99 586 
3 1143 99 1661 
3 1031 60 236 
3 1709 1708 1691 
3 1692 1709 1691 
3 1709 1712 1708 
3 1709 1716 1712 
3 1709 1727 1716 
3 1727 1728 1720 
3 1786 1803 1797 
3 747 120 167 
3 484 207 451 
3 1736 1753 1744 
3 1753 1761 1744 
3 1753 1783 1761 
3 1874 1860 1854 
3 1874 1875 1860 
3 1792 1791 1778 
3 824 1868 1856 
3 1817 1816 1800 
3 520 207 484 
3 1692 1700 1709 
3 1728 1727 1709 
3 1728 1745 1727 
3 1511 1688 1510 
3 1688 1692 1510 
3 1874 1143 1875 
3 1013 1715 1699 
3 1749 1776 1755 
3 1759 1758 1018 
3 1688 1701 1700 
3 1692 1688 1700 
3 1773 1783 1753 
3 1849 1854 1839 
3 813 1143 1874 
3 813 99 1143 
3 1842 1845 1832 
3 1710 1709 1700 
3 1701 1710 1700 
3 1872 804 1878 
3 1825 1842 1832 
3 1853 1852 1830 
3 1730 1749 1734 
3 1689 1698 1697 
3 1805 1806 830 
3 1710 1728 1709 
3 1840 1849 1839 
3 1831 1853 1830 
3 1724 1723 1013 
3 1729 1728 1710 
3 1849 1874 1854 
3 1849 1870 1874 
3 1741 1740 1725 
3 1755 1775 1754 
3 1731 1714 1735 
3 1747 1749 1730 
3 1706 1714 1707 
3 1729 1745 1728 
3 1767 1773 1753 
3 1880 813 1874 
3 1870 1880 1874 
3 865 858 1810 
3 1810 858 259 
3 1861 1866 1845 
3 1790 1796 1769 
3 1755 1754 1738 
3 1739 1735 1747 
3 1686 1688 1511 
3 1439 1686 1511 
3 1746 1745 1729 
3 1774 1773 1767 
3 1834 1849 1840 
3 1016 1690 1548 
3 1788 1787 1765 
3 1551 1016 1548 
3 1686 1702 1701 
3 1688 1686 1701 
3 1703 1710 1701 
3 1702 1703 1701 
3 1795 1798 1773 
3 1825 1832 1813 
3 1697 1713 1696 
3 1762 1745 1746 
3 1762 1768 1745 
3 1795 1773 1774 